00011111010000000010010000000011
00000000000000000100100110110011
00000000000000000111100110110011
00000000010001001000010010010011
00000101000001001010001100010011
00000000000000110000111001100011
00011111010001001010100100000011
00000001001001000010001100110011
11111110000000110000011011100011
00000000000010010000010000110011
00000000000001001000011110110011
11111110000111111111000001101111
00000000000000000100100110110011
00000000010001111010001100010011
00000000000000110000010001100011
00000001000000000000000001101111
11111111110001111000011110010011
00000000000101001000010010010011
11111110110111111111000001101111
00000000000001001000011110110011
01111100100000000010100000100011
01111100111100000010101000100011
00000000010000000000000001101111
00000000000000000000000001101111
